                                                           Results: Generalized linear model
=======================================================================================================================================================
Model:                                           GLM                                           AIC:                                         nan        
Link Function:                                   Logit                                         BIC:                                         -11819.3006
Dependent Variable:                              power_none_flag                               Log-Likelihood:                              nan        
Date:                                            2025-09-30 13:29                              LL-Null:                                     -804.16    
No. Observations:                                1998                                          Deviance:                                    2947.3     
Df Model:                                        54                                            Pearson chi2:                                1.44e+17   
Df Residuals:                                    1943                                          Scale:                                       1.0000     
Method:                                          IRLS                                                                                                  
-------------------------------------------------------------------------------------------------------------------------------------------------------
                                                      Coef.             Std.Err.          z        P>|z|          [0.025                 0.975]        
-------------------------------------------------------------------------------------------------------------------------------------------------------
const                                           712938733321557.2500 67323552.8820   10589737.2138 0.0000   712938601369818.2500   712938865273296.2500
breach_case                                      58178853064917.7031  2247730.4402   25883376.4158 0.0000    58178848659446.9922    58178857470388.4141
n_principles_discussed                          140676608328864.1250  2263803.2253   62141712.1218 0.0000   140676603891891.3281   140676612765836.9219
n_principles_violated                          -191727739417501.0938  2483932.2005  -77187187.0641 0.0000  -191727744285918.7500  -191727734549083.4375
n_corrective_measures                          -606233556529185.3750  1927604.1676 -314501061.3209 0.0000  -606233560307220.1250  -606233552751150.6250
turnover_log1p                                 -622844877781119.0000  1743660.2823 -357205405.2724 0.0000  -622844881198630.3750  -622844874363607.6250
decision_year_centered                           -7984586545088.7422  1563124.1352   -5108094.9779 0.0000    -7984589608755.7510    -7984583481421.7334
art33_required_flag                            -155287546042986.5000 10778913.4311  -14406604.8063 0.0000  -155287567169268.6250  -155287524916704.3750
art33_submitted_flag                            633551238540691.1250 13873093.4280   45667625.7410 0.0000   633551211349927.6250   633551265731454.6250
art33_timely_flag                                14586432719169.4688 10252691.5112    1422693.0268 0.0000    14586412624263.3613    14586452814075.5762
art34_required_flag                            -238413210687500.2500 11667917.3176  -20433227.6445 0.0000  -238413233556197.9688  -238413187818802.5312
subjects_notified_flag                           57797946249288.6875 12556928.4599    4602872.9425 0.0000    57797921638161.1484    57797970860416.2266
q15_case_initiation_BREACH_NOTIFICATION        -491261571831002.8125 11028374.9078  -44545236.8038 0.0000  -491261593446220.4375  -491261550215785.1875
q15_case_initiation_EX_OFFICIO_DPA_INITIATIVE   -46925078392186.2344  4897844.2134   -9580761.7286 0.0000   -46925087991784.4922   -46925068792587.9766
q15_case_initiation_MEDIA_PUBLIC_ATTENTION    -1749684215004245.2500 14199240.5807 -123223788.2763 0.0000 -1749684242834245.5000 -1749684187174245.0000
q25_sensitive_data_ARTICLE_9_SPECIAL_CATEGORY   -98045265728097.9688  5402072.5231  -18149564.8769 0.0000   -98045276315965.5625   -98045255140230.3750
q25_sensitive_data_ARTICLE_10_CRIMINAL        -1527961419485479.7500 18963426.4850  -80574120.9634 0.0000 -1527961456653112.7500 -1527961382317846.7500
q28_mitigations_IMMEDIATE_CONTAINMENT            62466408075620.5078  8979832.4116    6956299.9857 0.0000    62466390475472.3906    62466425675768.6250
q28_mitigations_SECURITY_IMPROVEMENTS            25889450741360.0625 10171442.2002    2545307.7579 0.0000    25889430805699.6797    25889470677020.4453
q28_mitigations_COOPERATION_WITH_DPA             80582491717243.1250  9761119.4192    8255455.9837 0.0000    80582472585800.6094    80582510848685.6406
q41_aggrav_PREVIOUS_INFRINGEMENTS              -241881858416408.9375  7052440.8004  -34297609.1910 0.0000  -241881872238938.9062  -241881844593878.9688
q41_aggrav_INTENT_NEGLIGENCE                  -1088442710026683.8750  5232662.7215 -208009338.2582 0.0000 -1088442720282514.3750 -1088442699770853.3750
q42_mitig_COOPERATION_WITH_AUTHORITY           -477992605042014.0000  4613341.2921 -103610935.0644 0.0000  -477992614083996.7500  -477992596000031.2500
q46_vuln_CHILDREN                              -103626758012751.0469  6146287.9017  -16860055.9672 0.0000  -103626770059253.9688  -103626745966248.1250
q46_vuln_EMPLOYEES                              119535100161462.2344  4883203.7877   24478826.8845 0.0000   119535090590558.6875   119535109732365.7812
q46_vuln_FINANCIALLY_VULNERABLE                -128433327577717.0156 10461509.3733  -12276749.2715 0.0000  -128433348081898.6094  -128433307073535.4219
q21_breach_types_count                          135086703686564.2969  2233965.2634   60469473.6754 0.0000   135086699308072.8438   135086708065055.7500
q25_sensitive_data_count                         36661678029365.1328  3119366.3840   11752924.6380 0.0000    36661671915519.3672    36661684143210.8984
q28_mitigations_count                          -112920688658626.3906  4538879.9468  -24878536.1109 0.0000  -112920697554667.6094  -112920679762585.1719
q41_aggrav_count                                225269024743529.5625  3125882.9917   72065725.2175 0.0000   225269018616911.4688   225269030870147.6562
q42_mitig_count                                 112261845304379.4375  2432293.0750   46154736.2280 0.0000   112261840537172.6094   112261850071586.2656
q46_vuln_count                                  101831684204892.6719  2384995.8668   42696796.9299 0.0000   101831679530386.6719   101831688879398.6719
q47_remedial_count                              144599368277508.1250  2288725.7353   63178984.7285 0.0000   144599363791688.1250   144599372763328.1250
country_group_EU                                -63563880128400.2109  5736450.9252  -11080697.9711 0.0000   -63563891371637.4219   -63563868885163.0000
country_group_EU_INSTITUTION                   4274600899137298.5000 67381148.3242   63439122.1498 0.0000  4274600767072674.5000  4274601031201922.5000
country_group_NON_EEA                           383066522660042.8750  8521219.9436   44954422.6289 0.0000   383066505958758.6875   383066539361327.0625
country_group_UNKNOWN                           838889404429464.2500 13063026.8407   64218608.3407 0.0000   838889378826402.1250   838889430032526.3750
isic_section_C                                 -713028764917275.3750 70519264.5395  -10111120.2673 0.0000  -713028903132494.1250  -713028626702056.6250
isic_section_D                                -1404228559503155.5000 68543895.4123  -20486559.0299 0.0000 -1404228693846721.7500 -1404228425159589.2500
isic_section_E                                -1716370350816672.0000 71105755.5582  -24138275.9714 0.0000 -1716370490181392.0000 -1716370211451952.0000
isic_section_F                                -2768763217683339.0000 73876960.8057  -37478033.5775 0.0000 -2768763362479521.5000 -2768763072887156.5000
isic_section_G                                -1302939774985632.7500 68087531.7542  -19136246.2615 0.0000 -1302939908434742.7500 -1302939641536522.7500
isic_section_H                                -1375181603722726.7500 68274456.8996  -20141963.2784 0.0000 -1375181737538203.2500 -1375181469907250.2500
isic_section_I                                -2073794434388781.0000 69262702.4723  -29940997.9739 0.0000 -2073794570141183.2500 -2073794298636378.7500
isic_section_J                                -1280641491034466.5000 67634545.6033  -18934724.5496 0.0000 -1280641623595740.0000 -1280641358473193.0000
isic_section_K                                -1175576123231377.0000 67739437.8920  -17354382.6140 0.0000 -1175576255998235.5000 -1175575990464518.5000
isic_section_L                                -2859351640540904.0000 69929164.5863  -40889257.8290 0.0000 -2859351777599548.0000 -2859351503482260.0000
isic_section_M                                -3299552919836632.5000 69150958.1625  -47715216.2097 0.0000 -3299553055370020.0000 -3299552784303245.0000
isic_section_N                                -1098123552520608.7500 68701535.5137  -15983973.9288 0.0000 -1098123687173144.0000 -1098123417868073.5000
isic_section_O                                -1347723483661162.5000 67640360.2829  -19924841.8847 0.0000 -1347723616233832.5000 -1347723351088492.5000
isic_section_P                                -1425195339451643.7500 68567401.6640  -20785319.3335 0.0000 -1425195473841281.5000 -1425195205062006.0000
isic_section_Q                                -1579289426794689.0000 67890406.6997  -23262335.6313 0.0000 -1579289559857441.0000 -1579289293731937.0000
isic_section_R                                -1006621580457765.5000 69183494.0472  -14550025.1804 0.0000 -1006621716054922.1250 -1006621444860608.8750
isic_section_S                                -1557119697799293.0000 68888088.9012  -22603612.9415 0.0000 -1557119832817466.2500 -1557119562781119.7500
isic_section_UNKNOWN                          -1264422589773518.2500 67529142.8004  -18724102.4739 0.0000 -1264422722128206.0000 -1264422457418830.5000
=======================================================================================================================================================
