                                    Results: Generalized linear model
==========================================================================================================
Model:                            GLM                             AIC:                         1049.7901  
Link Function:                    Logit                           BIC:                         -13826.8194
Dependent Variable:               power_warning_flag              Log-Likelihood:              -469.90    
Date:                             2025-09-30 13:29                LL-Null:                     -623.19    
No. Observations:                 1998                            Deviance:                    939.79     
Df Model:                         54                              Pearson chi2:                1.50e+03   
Df Residuals:                     1943                            Scale:                       1.0000     
Method:                           IRLS                                                                    
----------------------------------------------------------------------------------------------------------
                                               Coef.     Std.Err.     z    P>|z|     [0.025       0.975]  
----------------------------------------------------------------------------------------------------------
const                                         -27.7288 356116.1810 -0.0001 0.9999 -698002.6178 697947.1602
breach_case                                     0.2101      0.1245  1.6882 0.0914      -0.0338      0.4541
n_principles_discussed                         -0.1204      0.1358 -0.8872 0.3750      -0.3865      0.1456
n_principles_violated                           0.2245      0.1415  1.5865 0.1126      -0.0529      0.5019
n_corrective_measures                           0.8750      0.0980  8.9251 0.0000       0.6829      1.0672
turnover_log1p                                 -0.2236      0.1295 -1.7268 0.0842      -0.4774      0.0302
decision_year_centered                         -0.0572      0.0916 -0.6249 0.5320      -0.2368      0.1223
art33_required_flag                            -0.1575      0.5796 -0.2718 0.7857      -1.2934      0.9784
art33_submitted_flag                           -1.2428      0.9359 -1.3279 0.1842      -3.0771      0.5915
art33_timely_flag                               0.2898      0.7758  0.3736 0.7087      -1.2307      1.8103
art34_required_flag                             1.2492      0.7058  1.7700 0.0767      -0.1341      2.6325
subjects_notified_flag                         -0.9352      0.8465 -1.1047 0.2693      -2.5943      0.7240
q15_case_initiation_BREACH_NOTIFICATION         0.5022      0.8067  0.6226 0.5336      -1.0789      2.0833
q15_case_initiation_EX_OFFICIO_DPA_INITIATIVE  -1.1409      0.3304 -3.4531 0.0006      -1.7884     -0.4933
q15_case_initiation_MEDIA_PUBLIC_ATTENTION     -3.8443      2.2135 -1.7367 0.0824      -8.1826      0.4941
q25_sensitive_data_ARTICLE_9_SPECIAL_CATEGORY   0.1243      0.2965  0.4190 0.6752      -0.4569      0.7054
q25_sensitive_data_ARTICLE_10_CRIMINAL          0.1400      1.0510  0.1332 0.8940      -1.9199      2.1998
q28_mitigations_IMMEDIATE_CONTAINMENT          -0.4133      0.5186 -0.7968 0.4255      -1.4297      0.6032
q28_mitigations_SECURITY_IMPROVEMENTS           0.6002      0.6097  0.9845 0.3248      -0.5947      1.7952
q28_mitigations_COOPERATION_WITH_DPA           -0.3727      0.6184 -0.6026 0.5468      -1.5848      0.8395
q41_aggrav_PREVIOUS_INFRINGEMENTS              -0.7719      0.5131 -1.5044 0.1325      -1.7775      0.2337
q41_aggrav_INTENT_NEGLIGENCE                   -0.9625      0.3168 -3.0384 0.0024      -1.5834     -0.3416
q42_mitig_COOPERATION_WITH_AUTHORITY           -0.0547      0.2534 -0.2159 0.8291      -0.5514      0.4420
q46_vuln_CHILDREN                               0.5809      0.2969  1.9566 0.0504      -0.0010      1.1629
q46_vuln_EMPLOYEES                             -0.3083      0.2779 -1.1095 0.2672      -0.8529      0.2363
q46_vuln_FINANCIALLY_VULNERABLE                -2.8251      2.0875 -1.3533 0.1759      -6.9166      1.2663
q21_breach_types_count                          0.0596      0.1386  0.4302 0.6670      -0.2120      0.3313
q25_sensitive_data_count                        0.5185      0.1876  2.7643 0.0057       0.1509      0.8861
q28_mitigations_count                          -0.0318      0.2896 -0.1097 0.9127      -0.5993      0.5358
q41_aggrav_count                               -0.4062      0.2014 -2.0173 0.0437      -0.8009     -0.0116
q42_mitig_count                                 0.0857      0.1321  0.6485 0.5167      -0.1733      0.3446
q46_vuln_count                                  0.0458      0.1851  0.2476 0.8045      -0.3170      0.4086
q47_remedial_count                              0.1457      0.1261  1.1555 0.2479      -0.1014      0.3928
country_group_EU                                2.1438      0.6219  3.4473 0.0006       0.9249      3.3627
country_group_EU_INSTITUTION                  -21.5905 356123.9994 -0.0001 1.0000 -698011.8033 697968.6224
country_group_NON_EEA                         -21.7418  25321.4813 -0.0009 0.9993  -49650.9331  49607.4496
country_group_UNKNOWN                         -19.9664  39569.3333 -0.0005 0.9996  -77574.4345  77534.5017
isic_section_C                                 -0.0584 369524.5860 -0.0000 1.0000 -724254.9384 724254.8216
isic_section_D                                 23.6717 356116.1810  0.0001 0.9999 -697951.2173 697998.5607
isic_section_E                                 23.0135 356116.1810  0.0001 0.9999 -697951.8755 697997.9025
isic_section_F                                 24.4847 356116.1810  0.0001 0.9999 -697950.4043 697999.3737
isic_section_G                                 23.0541 356116.1810  0.0001 0.9999 -697951.8349 697997.9431
isic_section_H                                 -0.3373 359560.3549 -0.0000 1.0000 -704725.6831 704725.0085
isic_section_I                                 23.4035 356116.1810  0.0001 0.9999 -697951.4855 697998.2925
isic_section_J                                 23.7534 356116.1810  0.0001 0.9999 -697951.1356 697998.6424
isic_section_K                                 23.0767 356116.1810  0.0001 0.9999 -697951.8123 697997.9657
isic_section_L                                 -0.8334 366886.7632 -0.0000 1.0000 -719085.6758 719084.0089
isic_section_M                                 23.2015 356116.1810  0.0001 0.9999 -697951.6875 697998.0906
isic_section_N                                 24.3219 356116.1810  0.0001 0.9999 -697950.5671 697999.2109
isic_section_O                                 24.1354 356116.1810  0.0001 0.9999 -697950.7536 697999.0244
isic_section_P                                 23.8844 356116.1810  0.0001 0.9999 -697951.0046 697998.7734
isic_section_Q                                 23.1743 356116.1810  0.0001 0.9999 -697951.7147 697998.0633
isic_section_R                                 22.9357 356116.1810  0.0001 0.9999 -697951.9533 697997.8247
isic_section_S                                 -0.9082 362030.2180 -0.0000 1.0000 -709567.0969 709565.2804
isic_section_UNKNOWN                           23.6409 356116.1810  0.0001 0.9999 -697951.2481 697998.5299
==========================================================================================================
