                                    Results: Generalized linear model
==========================================================================================================
Model:                            GLM                              AIC:                        1528.1736  
Link Function:                    Logit                            BIC:                        -13348.4359
Dependent Variable:               power_reprimand_flag             Log-Likelihood:             -709.09    
Date:                             2025-09-30 13:29                 LL-Null:                    -1158.9    
No. Observations:                 1998                             Deviance:                   1418.2     
Df Model:                         54                               Pearson chi2:               1.66e+03   
Df Residuals:                     1943                             Scale:                      1.0000     
Method:                           IRLS                                                                    
----------------------------------------------------------------------------------------------------------
                                               Coef.     Std.Err.     z    P>|z|     [0.025       0.975]  
----------------------------------------------------------------------------------------------------------
const                                          22.1621 131013.0398  0.0002 0.9999 -256758.6774 256803.0016
breach_case                                    -0.1326      0.0972 -1.3645 0.1724      -0.3231      0.0579
n_principles_discussed                          0.1671      0.0946  1.7663 0.0773      -0.0183      0.3525
n_principles_violated                           0.2124      0.1019  2.0847 0.0371       0.0127      0.4121
n_corrective_measures                           1.8349      0.0982 18.6849 0.0000       1.6424      2.0273
turnover_log1p                                 -0.1119      0.0768 -1.4583 0.1447      -0.2624      0.0385
decision_year_centered                          0.2060      0.0661  3.1179 0.0018       0.0765      0.3356
art33_required_flag                             0.2826      0.4326  0.6533 0.5136      -0.5653      1.1305
art33_submitted_flag                           -1.2784      0.5989 -2.1345 0.0328      -2.4523     -0.1045
art33_timely_flag                               0.2293      0.4593  0.4993 0.6176      -0.6709      1.1296
art34_required_flag                             0.3653      0.4861  0.7516 0.4523      -0.5873      1.3180
subjects_notified_flag                         -0.1642      0.5429 -0.3024 0.7623      -1.2283      0.8999
q15_case_initiation_BREACH_NOTIFICATION         0.1355      0.4843  0.2798 0.7797      -0.8138      1.0847
q15_case_initiation_EX_OFFICIO_DPA_INITIATIVE   0.0806      0.2018  0.3992 0.6897      -0.3150      0.4762
q15_case_initiation_MEDIA_PUBLIC_ATTENTION      1.1061      0.5523  2.0029 0.0452       0.0237      2.1885
q25_sensitive_data_ARTICLE_9_SPECIAL_CATEGORY  -0.0572      0.2251 -0.2542 0.7994      -0.4983      0.3839
q25_sensitive_data_ARTICLE_10_CRIMINAL          0.7102      0.8321  0.8536 0.3933      -0.9206      2.3410
q28_mitigations_IMMEDIATE_CONTAINMENT           0.1880      0.3775  0.4980 0.6185      -0.5518      0.9278
q28_mitigations_SECURITY_IMPROVEMENTS          -0.2182      0.4350 -0.5016 0.6160      -1.0708      0.6344
q28_mitigations_COOPERATION_WITH_DPA           -0.2207      0.4251 -0.5192 0.6036      -1.0539      0.6124
q41_aggrav_PREVIOUS_INFRINGEMENTS              -0.0092      0.3087 -0.0298 0.9762      -0.6142      0.5958
q41_aggrav_INTENT_NEGLIGENCE                   -0.8566      0.2386 -3.5904 0.0003      -1.3242     -0.3890
q42_mitig_COOPERATION_WITH_AUTHORITY           -0.0231      0.2002 -0.1154 0.9081      -0.4154      0.3693
q46_vuln_CHILDREN                               0.4641      0.2544  1.8247 0.0680      -0.0344      0.9627
q46_vuln_EMPLOYEES                             -0.1445      0.2063 -0.7004 0.4837      -0.5488      0.2598
q46_vuln_FINANCIALLY_VULNERABLE                 0.1076      0.4198  0.2563 0.7977      -0.7152      0.9304
q21_breach_types_count                          0.1327      0.0989  1.3412 0.1798      -0.0612      0.3266
q25_sensitive_data_count                       -0.0701      0.1773 -0.3955 0.6925      -0.4177      0.2774
q28_mitigations_count                           0.1819      0.1956  0.9302 0.3523      -0.2014      0.5653
q41_aggrav_count                               -0.1855      0.1412 -1.3140 0.1889      -0.4623      0.0912
q42_mitig_count                                 0.3060      0.1126  2.7175 0.0066       0.0853      0.5268
q46_vuln_count                                 -0.0405      0.1126 -0.3601 0.7187      -0.2612      0.1801
q47_remedial_count                              0.3362      0.0999  3.3644 0.0008       0.1404      0.5321
country_group_EU                               -1.3127      0.2368 -5.5440 0.0000      -1.7768     -0.8486
country_group_EU_INSTITUTION                  -22.2295 131010.6978 -0.0002 0.9999 -256798.4788 256754.0199
country_group_NON_EEA                          -0.6941      0.3912 -1.7745 0.0760      -1.4608      0.0725
country_group_UNKNOWN                         -21.5096  14556.7442 -0.0015 0.9988  -28552.2040  28509.1848
isic_section_C                                -23.4898 131013.0398 -0.0002 0.9999 -256804.3293 256757.3498
isic_section_D                                -22.4924 131013.0398 -0.0002 0.9999 -256803.3319 256758.3471
isic_section_E                                -21.6624 131013.0398 -0.0002 0.9999 -256802.5019 256759.1772
isic_section_F                                -20.7414 131013.0398 -0.0002 0.9999 -256801.5809 256760.0982
isic_section_G                                -22.2086 131013.0398 -0.0002 0.9999 -256803.0481 256758.6310
isic_section_H                                -22.5752 131013.0398 -0.0002 0.9999 -256803.4147 256758.2643
isic_section_I                                -23.7868 131013.0398 -0.0002 0.9999 -256804.6263 256757.0527
isic_section_J                                -22.2993 131013.0398 -0.0002 0.9999 -256803.1389 256758.5402
isic_section_K                                -22.5596 131013.0398 -0.0002 0.9999 -256803.3991 256758.2800
isic_section_L                                -22.3650 131013.0398 -0.0002 0.9999 -256803.2045 256758.4746
isic_section_M                                -21.3986 131013.0398 -0.0002 0.9999 -256802.2381 256759.4409
isic_section_N                                -23.0486 131013.0398 -0.0002 0.9999 -256803.8882 256757.7909
isic_section_O                                -21.7079 131013.0398 -0.0002 0.9999 -256802.5474 256759.1316
isic_section_P                                -22.9150 131013.0398 -0.0002 0.9999 -256803.7546 256757.9245
isic_section_Q                                -22.4932 131013.0398 -0.0002 0.9999 -256803.3327 256758.3464
isic_section_R                                -24.1087 131013.0398 -0.0002 0.9999 -256804.9483 256756.7308
isic_section_S                                -21.8007 131013.0398 -0.0002 0.9999 -256802.6402 256759.0389
isic_section_UNKNOWN                          -22.0463 131013.0398 -0.0002 0.9999 -256802.8859 256758.7932
==========================================================================================================
