                                    Results: Generalized linear model
==========================================================================================================
Model:                            GLM                            AIC:                          1538.0922  
Link Function:                    Logit                          BIC:                          -13338.5173
Dependent Variable:               power_fine_flag                Log-Likelihood:               -714.05    
Date:                             2025-09-30 13:29               LL-Null:                      -1365.5    
No. Observations:                 1998                           Deviance:                     1428.1     
Df Model:                         54                             Pearson chi2:                 3.03e+03   
Df Residuals:                     1943                           Scale:                        1.0000     
Method:                           IRLS                                                                    
----------------------------------------------------------------------------------------------------------
                                               Coef.     Std.Err.     z    P>|z|     [0.025       0.975]  
----------------------------------------------------------------------------------------------------------
const                                         -24.6417 131010.6431 -0.0002 0.9998 -256800.7838 256751.5004
breach_case                                    -0.0376      0.1014 -0.3707 0.7108      -0.2363      0.1611
n_principles_discussed                         -0.5881      0.1140 -5.1603 0.0000      -0.8115     -0.3648
n_principles_violated                           0.4526      0.1211  3.7366 0.0002       0.2152      0.6900
n_corrective_measures                           0.5599      0.0858  6.5273 0.0000       0.3917      0.7280
turnover_log1p                                  0.9092      0.2153  4.2229 0.0000       0.4872      1.3312
decision_year_centered                         -0.0283      0.0710 -0.3983 0.6904      -0.1675      0.1109
art33_required_flag                             0.0190      0.5160  0.0367 0.9707      -0.9924      1.0303
art33_submitted_flag                            0.8169      0.7199  1.1348 0.2564      -0.5940      2.2279
art33_timely_flag                              -0.0877      0.5318 -0.1649 0.8690      -1.1299      0.9546
art34_required_flag                            -0.6478      0.6092 -1.0635 0.2875      -1.8418      0.5461
subjects_notified_flag                          0.5514      0.6754  0.8163 0.4143      -0.7725      1.8752
q15_case_initiation_BREACH_NOTIFICATION         0.7108      0.5827  1.2197 0.2226      -0.4313      1.8529
q15_case_initiation_EX_OFFICIO_DPA_INITIATIVE  -0.3647      0.2107 -1.7309 0.0835      -0.7777      0.0483
q15_case_initiation_MEDIA_PUBLIC_ATTENTION      0.4443      0.6370  0.6974 0.4855      -0.8042      1.6928
q25_sensitive_data_ARTICLE_9_SPECIAL_CATEGORY  -0.2289      0.2410 -0.9496 0.3423      -0.7013      0.2435
q25_sensitive_data_ARTICLE_10_CRIMINAL         -2.5210      0.8723 -2.8899 0.0039      -4.2308     -0.8112
q28_mitigations_IMMEDIATE_CONTAINMENT          -0.0339      0.3937 -0.0860 0.9315      -0.8056      0.7379
q28_mitigations_SECURITY_IMPROVEMENTS          -0.6430      0.4777 -1.3459 0.1783      -1.5793      0.2933
q28_mitigations_COOPERATION_WITH_DPA            0.1861      0.4723  0.3941 0.6935      -0.7395      1.1118
q41_aggrav_PREVIOUS_INFRINGEMENTS               1.3718      0.5217  2.6296 0.0085       0.3493      2.3943
q41_aggrav_INTENT_NEGLIGENCE                    1.3975      0.2664  5.2467 0.0000       0.8755      1.9196
q42_mitig_COOPERATION_WITH_AUTHORITY            0.7719      0.2203  3.5035 0.0005       0.3401      1.2036
q46_vuln_CHILDREN                              -0.1888      0.2591 -0.7287 0.4662      -0.6965      0.3190
q46_vuln_EMPLOYEES                              0.5858      0.2095  2.7956 0.0052       0.1751      0.9964
q46_vuln_FINANCIALLY_VULNERABLE                 0.6154      0.5741  1.0721 0.2837      -0.5097      1.7406
q21_breach_types_count                          0.3349      0.1604  2.0875 0.0368       0.0205      0.6493
q25_sensitive_data_count                        0.2358      0.1780  1.3252 0.1851      -0.1130      0.5846
q28_mitigations_count                          -0.3438      0.2233 -1.5399 0.1236      -0.7814      0.0938
q41_aggrav_count                                1.2574      0.2147  5.8563 0.0000       0.8366      1.6782
q42_mitig_count                                 0.0951      0.1487  0.6399 0.5222      -0.1962      0.3865
q46_vuln_count                                 -0.0870      0.1349 -0.6452 0.5188      -0.3515      0.1774
q47_remedial_count                             -0.0460      0.1107 -0.4160 0.6774      -0.2629      0.1708
country_group_EU                                1.7434      0.3024  5.7651 0.0000       1.1507      2.3361
country_group_EU_INSTITUTION                  -21.5141 131010.6978 -0.0002 0.9999 -256797.7633 256754.7351
country_group_NON_EEA                           0.7688      0.4310  1.7837 0.0745      -0.0760      1.6136
country_group_UNKNOWN                         -20.0482  14556.7442 -0.0014 0.9989  -28550.7427  28510.6462
isic_section_C                                 46.1436 135844.7938  0.0003 0.9997 -266204.7598 266297.0470
isic_section_D                                 25.3160 131010.6431  0.0002 0.9998 -256750.8261 256801.4581
isic_section_E                                 23.4701 131010.6431  0.0002 0.9999 -256752.6721 256799.6122
isic_section_F                                 23.4749 131010.6431  0.0002 0.9999 -256752.6673 256799.6170
isic_section_G                                 23.1135 131010.6431  0.0002 0.9999 -256753.0286 256799.2557
isic_section_H                                 23.9670 131010.6431  0.0002 0.9999 -256752.1751 256800.1092
isic_section_I                                 24.2109 131010.6431  0.0002 0.9999 -256751.9312 256800.3530
isic_section_J                                 22.6370 131010.6431  0.0002 0.9999 -256753.5051 256798.7791
isic_section_K                                 23.3907 131010.6431  0.0002 0.9999 -256752.7514 256799.5328
isic_section_L                                 26.0144 131010.6431  0.0002 0.9998 -256750.1277 256802.1566
isic_section_M                                 23.6200 131010.6431  0.0002 0.9999 -256752.5221 256799.7622
isic_section_N                                 24.1542 131010.6431  0.0002 0.9999 -256751.9879 256800.2964
isic_section_O                                 22.5105 131010.6431  0.0002 0.9999 -256753.6316 256798.6526
isic_section_P                                 22.9580 131010.6431  0.0002 0.9999 -256753.1841 256799.1002
isic_section_Q                                 23.5347 131010.6431  0.0002 0.9999 -256752.6074 256799.6769
isic_section_R                                 23.4938 131010.6431  0.0002 0.9999 -256752.6484 256799.6359
isic_section_S                                 23.1863 131010.6431  0.0002 0.9999 -256752.9558 256799.3285
isic_section_UNKNOWN                           23.1711 131010.6431  0.0002 0.9999 -256752.9710 256799.3132
==========================================================================================================
